Символ | площадь | W×H | a=w/h | компактн. | Hu1 | Hu2
------------------------------------------------------------------------
     A |     292 |  37× 34 | 1.088 |    178.027 | 5.0856e-01 | 6.1076e-03
     B |     438 |  31× 34 | 0.912 |    159.123 | 4.2454e-01 | 5.9591e-03
     C |     271 |  31× 34 | 0.912 |    168.989 | 7.7172e-01 | 3.6210e-02
     D |     422 |  35× 34 | 1.029 |    143.403 | 5.4026e-01 | 5.6526e-05
     E |     324 |  29× 34 | 0.853 |    180.753 | 5.6703e-01 | 5.2530e-02
     F |     272 |  26× 34 | 0.765 |    132.721 | 5.5502e-01 | 1.1247e-01
     G |     348 |  35× 34 | 1.029 |    179.598 | 6.4425e-01 | 2.7696e-03
     H |     429 |  36× 34 | 1.059 |    162.462 | 5.0997e-01 | 4.3921e-05
     I |     198 |  15× 34 | 0.441 |     70.323 | 6.2837e-01 | 3.3540e-01
     J |     203 |  19× 34 | 0.559 |     75.744 | 6.3840e-01 | 3.0668e-01
     K |     406 |  37× 34 | 1.088 |    193.103 | 4.6427e-01 | 2.0940e-02
     L |     246 |  29× 34 | 0.853 |    104.065 | 7.0696e-01 | 2.0583e-01
     M |     506 |  44× 34 | 1.294 |    250.466 | 5.1316e-01 | 1.4709e-02
     N |     341 |  38× 34 | 1.118 |    223.390 | 5.7837e-01 | 7.8397e-03
     Ñ |     401 |  38× 45 | 0.844 |    281.536 | 6.0011e-01 | 3.1260e-02
     O |     368 |  34× 34 | 1.000 |    156.522 | 6.1152e-01 | 9.5881e-03
     P |     324 |  26× 34 | 0.765 |    113.778 | 4.4829e-01 | 4.4048e-02
     Q |     425 |  34× 44 | 0.773 |    192.461 | 6.0995e-01 | 6.2057e-03
     R |     411 |  34× 34 | 1.000 |    156.973 | 4.1605e-01 | 1.5531e-02
     S |     293 |  23× 34 | 0.676 |    177.420 | 5.1312e-01 | 4.3783e-02
     T |     256 |  28× 34 | 0.824 |    107.641 | 6.3469e-01 | 1.4716e-01
     U |     294 |  37× 34 | 1.088 |    173.728 | 7.7514e-01 | 3.5531e-03
     V |     268 |  37× 34 | 1.088 |    164.552 | 5.9518e-01 | 1.3102e-02
     W |     459 |  48× 34 | 1.412 |    245.961 | 4.5971e-01 | 6.8406e-03
     X |     352 |  37× 34 | 1.088 |    229.136 | 5.6497e-01 | 3.6068e-02
     Y |     280 |  37× 34 | 1.088 |    157.500 | 5.9306e-01 | 4.9497e-02
     Z |     309 |  29× 34 | 0.853 |    174.188 | 6.5140e-01 | 1.0261e-01